[137, 80, 78, 71, 13, 10, 26, 10, 0, 0, 0, 13, 73, 72, 68, 82, 0, 0, 0, 128, 0, 0, 0, 128, 8, 6, 0, 0, 0, 195, 62, 97, 203, 0,0, 0, 4, 115, 66, 73, 84, 8, 8, 8, 8, 124, 8, 100, 136, 0, 0, 0, 9, 112, 72, 89, 115, 0, 0, 3, 118, 0, 0, 3, 118, 1, 125, 213,130, 204, 0, 0, 0, 25, 116, 69, 88, 116, 83, 111, 102, 116, 119, 97, 114, 101, 0, 119, 119, 119, 46, 105, 110, 107, 115, 99,  
97, 112, 101, 46, 111, 114, 103, 155, 238, 60, 26, 0, 0, 13, 117, 73, 68, 65, 84, 120, 218, 237, 157, 125, 120, 76, 87, 30,   
199, 35, 139, 85, 85, 219, 125, 74, 95, 182, 214, 118, 23, 143, 181, 153, 25, 132, 88, 116, 187, 180, 150, 132, 110, 35, 115, 
39, 131, 178, 26, 245, 254, 82, 171, 234, 165, 100, 238, 77, 175, 32, 74, 189, 62, 4, 245, 110, 227, 173, 94, 218, 122, 137,  
215, 212, 91, 104, 9, 65, 226, 65, 155, 120, 219, 69, 164, 213, 21, 212, 91, 75, 156, 61, 103, 122, 39, 155, 144, 57, 231,    
222, 59, 115, 103, 206, 29, 191, 63, 190, 207, 147, 135, 155, 115, 50, 191, 239, 231, 222, 57, 247, 119, 206, 249, 157, 48,   
132, 80, 24, 232, 241, 21, 4, 1, 0, 128, 32, 0, 0, 58, 101, 21, 196, 138, 88, 47, 98, 69, 97, 69, 99, 197, 128, 2, 162, 104,  
37, 230, 36, 246, 21, 3, 6, 0, 238, 172, 18, 86, 91, 172, 84, 172, 115, 88, 197, 88, 8, 20, 84, 21, 43, 94, 164, 42, 222, 84, 
242, 59, 0, 184, 209, 106, 88, 50, 86, 17, 4, 156, 123, 21, 41, 94, 85, 243, 25, 0, 220, 72, 56, 214, 0, 172, 66, 8, 172, 233,84, 168, 120, 23, 174, 11, 0, 252, 139, 213, 177, 210, 33, 144, 166, 23, 241, 176, 186, 38, 0, 240, 47, 212, 193, 58, 1, 193, 
11, 25, 17, 47, 235, 168, 2, 0, 95, 88, 11, 235, 50, 4, 45, 228, 68, 60, 173, 69, 5, 0, 95, 80, 21, 43, 91, 103, 7, 215, 64,  
1, 149, 30, 143, 136, 183, 85, 105, 0, 172, 82, 217, 208, 109, 172, 13, 88, 146, 242, 94, 90, 3, 146, 42, 129, 21, 137, 185,  
18, 123, 73, 241, 226, 182, 74, 239, 86, 149, 11, 128, 210, 152, 154, 6, 246, 97, 213, 3, 19, 184, 3, 162, 158, 226, 141, 26, 
15, 99, 202, 0, 160, 188, 238, 229, 168, 184, 235, 135, 178, 94, 43, 64, 65, 133, 32, 92, 241, 136, 245, 52, 200, 241, 248,   
232, 249, 197, 4, 198, 47, 220, 199, 106, 9, 65, 54, 13, 8, 45, 21, 207, 104, 158, 38, 148, 6, 32, 147, 113, 113, 10, 4, 214, 
116, 16, 164, 48, 60, 205, 116, 3, 128, 127, 168, 201, 200, 233, 231, 98, 85, 134, 160, 154, 14, 128, 202, 138, 119, 180, 57, 
132, 154, 228, 194, 158, 12, 82, 34, 33, 160, 166, 133, 32, 146, 225, 109, 79, 114, 81, 26, 229, 130, 75, 16, 72, 211, 67,    
112, 137, 226, 111, 26, 185, 96, 55, 229, 130, 13, 16, 68, 211, 3, 176, 129, 226, 239, 46, 114, 65, 30, 229, 2, 25, 130, 104, 
122, 0, 100, 138, 191, 121, 228, 130, 155, 148, 11, 98, 33, 136, 166, 7, 32, 150, 226, 239, 205, 48, 198, 32, 161, 121, 48,   
255, 248, 38, 125, 251, 86, 178, 216, 147, 218, 90, 237, 226, 80, 155, 32, 78, 198, 127, 207, 114, 171, 224, 90, 108, 17, 164,241, 248, 223, 6, 217, 132, 68, 24, 160, 178, 1, 104, 78, 243, 152, 75, 0, 108, 14, 233, 207, 216, 224, 52, 117, 43, 144, 92, 
231, 172, 118, 105, 138, 77, 144, 107, 129, 225, 38, 7, 160, 145, 67, 172, 135, 239, 238, 181, 58, 103, 186, 110, 227, 167,   
68, 74, 221, 110, 114, 117, 48, 222, 132, 0, 216, 28, 174, 55, 53, 204, 104, 209, 116, 186, 161, 67, 138, 0, 243, 77, 4, 128, 
251, 59, 221, 191, 139, 31, 110, 88, 132, 196, 215, 1, 0, 19, 0, 128, 191, 195, 71, 26, 180, 2, 230, 46, 30, 27, 180, 0, 0,   
56, 6, 128, 220, 165, 6, 239, 45, 40, 140, 112, 202, 181, 1, 0, 14, 1, 32, 131, 53, 220, 254, 119, 106, 140, 108, 228, 252, 0,253, 125, 200, 44, 244, 206, 228, 117, 168, 247, 248, 149, 168, 77, 191, 41, 234, 33, 176, 139, 219, 0, 0, 14, 1, 176, 10,    
210, 88, 150, 121, 45, 223, 154, 128, 230, 164, 31, 69, 7, 47, 222, 70, 71, 10, 127, 42, 163, 125, 103, 111, 160, 196, 121,   
219, 144, 45, 62, 137, 9, 1, 190, 166, 13, 0, 192, 17, 0, 141, 157, 163, 201, 20, 244, 45, 90, 223, 9, 99, 210, 208, 238, 252,162, 71, 140, 127, 88, 107, 15, 156, 67, 237, 250, 79, 99, 65, 144, 5, 0, 112, 4, 0, 110, 183, 31, 173, 223, 184, 97, 115, 81,118, 193, 93, 166, 249, 30, 109, 63, 113, 5, 53, 235, 58, 150, 10, 1, 30, 11, 212, 5, 0, 56, 1, 192, 34, 184, 182, 122, 235,  
51, 178, 243, 24, 148, 158, 123, 89, 181, 249, 30, 77, 93, 123, 128, 10, 128, 69, 16, 135, 1, 0, 28, 0, 80, 183, 253, 224, 95,226, 118, 127, 242, 214, 39, 249, 94, 215, 106, 190, 71, 111, 188, 155, 74, 251, 44, 59, 0, 0, 14, 0, 104, 20, 39, 191, 68,   
235, 115, 233, 23, 39, 117, 3, 48, 108, 214, 38, 218, 19, 32, 15, 0, 224, 0, 0, 247, 68, 15, 165, 207, 61, 167, 139, 116, 3,  
48, 107, 67, 54, 237, 179, 220, 4, 0, 56, 0, 192, 234, 16, 59, 120, 235, 175, 69, 247, 20, 221, 230, 19, 173, 203, 58, 79, 29,7, 180, 112, 14, 125, 2, 0, 8, 246, 19, 64, 112, 81, 255, 160, 189, 103, 175, 235, 6, 32, 117, 227, 17, 234, 108, 33, 60, 1,  
120, 0, 192, 41, 254, 158, 214, 231, 191, 118, 125, 173, 27, 128, 17, 169, 233, 212, 89, 66, 0, 128, 3, 0, 94, 234, 33, 87,   
193, 237, 222, 243, 214, 167, 184, 96, 187, 110, 0, 58, 190, 55, 135, 146, 18, 118, 101, 0, 0, 188, 36, 130, 176, 25, 222,    
250, 108, 218, 37, 25, 109, 61, 254, 173, 102, 243, 103, 124, 126, 136, 181, 114, 104, 36, 0, 192, 13, 0, 226, 32, 90, 191,   
194, 200, 121, 232, 240, 229, 31, 85, 155, 159, 113, 234, 123, 212, 172, 219, 56, 122, 34, 200, 46, 54, 0, 0, 56, 1, 160, 129,144, 248, 130, 123, 190, 158, 210, 119, 175, 113, 43, 84, 13, 8, 63, 63, 124, 1, 197, 12, 154, 193, 154, 11, 200, 129, 185, 0,206, 102, 3, 241, 29, 57, 137, 53, 139, 247, 202, 219, 19, 209, 130, 109, 199, 203, 157, 23, 56, 240, 159, 91, 72, 94, 156,   
225, 158, 42, 102, 78, 9, 227, 87, 79, 0, 128, 51, 0, 26, 197, 201, 79, 227, 246, 255, 171, 102, 78, 159, 204, 15, 216, 135,  
207, 69, 239, 206, 88, 143, 6, 76, 92, 227, 190, 227, 213, 76, 3, 187, 167, 130, 5, 215, 78, 88, 15, 192, 233, 138, 32, 124,  
103, 198, 225, 62, 30, 24, 181, 34, 200, 34, 136, 87, 200, 107, 39, 0, 192, 245, 154, 64, 119, 141, 27, 35, 0, 248, 17, 143,  
252, 255, 10, 107, 2, 77, 176, 42, 216, 42, 72, 211, 252, 108, 254, 45, 60, 198, 16, 96, 85, 176, 137, 246, 5, 224, 87, 195,  
62, 180, 105, 98, 13, 186, 104, 141, 147, 154, 128, 249, 38, 220, 25, 20, 17, 151, 216, 136, 182, 88, 132, 33, 12, 143, 107,  
38, 89, 110, 6, 198, 155, 124, 111, 160, 37, 94, 108, 141, 251, 94, 195, 216, 185, 236, 81, 1, 134, 38, 213, 234, 144, 255, 0,134, 135, 8, 0, 165, 231, 13, 108, 14, 215, 27, 120, 52, 63, 26, 191, 49, 204, 178, 57, 196, 117, 248, 231, 149, 100, 51, 40, 
89, 226, 101, 137, 119, 181, 12, 11, 11, 171, 0, 70, 135, 40, 0, 32, 0, 0, 4, 0, 128, 0, 0, 254, 130, 90, 31, 139, 188, 182,  
78, 196, 74, 198, 122, 11, 235, 121, 0, 32, 244, 141, 111, 66, 169, 170, 74, 22, 185, 172, 198, 122, 1, 0, 8, 77, 243, 123,   
254, 156, 94, 102, 190, 150, 126, 203, 83, 93, 101, 0, 192, 63, 65, 124, 85, 69, 241, 229, 210, 34, 187, 158, 107, 3, 0, 161, 
97, 254, 175, 116, 30, 161, 67, 106, 247, 87, 0, 0, 204, 15, 192, 76, 31, 230, 37, 250, 2, 0, 230, 54, 191, 177, 198, 71, 127,121, 135, 56, 62, 7, 0, 152, 211, 252, 10, 88, 7, 104, 241, 105, 55, 112, 58, 250, 75, 143, 9, 44, 8, 86, 0, 0, 230, 4, 160,  
15, 45, 54, 205, 255, 49, 14, 237, 57, 125, 13, 173, 218, 127, 26, 217, 28, 204, 39, 65, 52, 0, 96, 46, 243, 159, 193, 250,   
158, 22, 155, 201, 107, 190, 42, 89, 160, 250, 206, 148, 117, 44, 0, 206, 96, 61, 1, 0, 152, 7, 128, 249, 180, 184, 196, 14,  
157, 141, 178, 75, 237, 91, 200, 60, 123, 3, 189, 156, 192, 252, 42, 72, 1, 0, 204, 147, 59, 247, 186, 80, 213, 230, 144, 208,186, 131, 231, 31, 221, 152, 74, 223, 154, 174, 44, 88, 17, 35, 0, 0, 190, 205, 255, 5, 214, 81, 90, 76, 134, 76, 251, 204,   
235, 38, 149, 46, 137, 139, 184, 203, 13, 0, 0, 218, 130, 53, 152, 94, 182, 46, 197, 253, 184, 247, 6, 192, 150, 227, 133, 40,178, 179, 204, 85, 110, 0, 0, 80, 31, 168, 231, 89, 103, 242, 206, 248, 44, 139, 185, 85, 77, 94, 242, 5, 87, 185, 1, 0, 64,  
125, 160, 210, 168, 27, 86, 71, 124, 140, 7, 126, 236, 141, 170, 89, 23, 239, 160, 232, 129, 211, 185, 201, 13, 0, 0, 234,    
130, 212, 138, 22, 135, 134, 241, 18, 90, 159, 125, 65, 245, 110, 229, 149, 251, 84, 229, 6, 218, 1, 0, 124, 152, 95, 9, 235, 
4, 45, 14, 195, 103, 109, 212, 92, 175, 128, 212, 53, 230, 33, 55, 96, 10, 0, 194, 100, 57, 220, 22, 47, 189, 98, 19, 68, 217,226, 94, 112, 33, 157, 34, 75, 189, 201, 238, 30, 163, 79, 0, 193, 159, 113, 4, 125, 135, 242, 135, 104, 255, 249, 31, 52, 3, 
144, 121, 230, 186, 123, 208, 24, 236, 220, 0, 247, 0, 180, 110, 45, 87, 180, 218, 197, 79, 104, 181, 125, 44, 29, 93, 191,   
53, 40, 56, 181, 88, 123, 15, 102, 111, 58, 98, 84, 217, 186, 128, 228, 6, 184, 6, 64, 169, 26, 186, 94, 197, 172, 218, 217,  
6, 130, 235, 119, 6, 4, 135, 122, 62, 81, 231, 209, 11, 125, 42, 91, 71, 68, 218, 8, 102, 110, 128, 239, 237, 225, 118, 113,  
137, 134, 173, 222, 121, 100, 163, 136, 31, 3, 19, 77, 63, 163, 32, 9, 165, 31, 43, 240, 25, 128, 45, 185, 193, 205, 13, 112, 
92, 33, 36, 169, 173, 142, 249, 245, 100, 63, 5, 133, 60, 121, 242, 105, 125, 141, 254, 120, 139, 207, 230, 123, 244, 193,    
162, 12, 214, 231, 186, 106, 84, 110, 128, 75, 0, 72, 197, 78, 242, 221, 174, 231, 28, 32, 114, 180, 156, 209, 53, 9, 90, 247,254, 200, 93, 130, 198, 95, 0, 168, 204, 13, 44, 127, 124, 170, 132, 57, 196, 15, 245, 175, 178, 113, 109, 247, 49, 32, 164,  
80, 229, 29, 90, 31, 243, 183, 230, 250, 205, 252, 255, 231, 6, 242, 131, 146, 27, 224, 14, 0, 139, 35, 209, 70, 43, 20, 169, 
136, 122, 144, 148, 197, 33, 117, 242, 33, 32, 155, 104, 109, 119, 147, 150, 248, 221, 124, 143, 6, 77, 94, 203, 60, 243, 208,223, 185, 1, 174, 0, 32, 239, 251, 120, 48, 119, 144, 209, 231, 30, 171, 195, 53, 138, 113, 205, 165, 250, 177, 35, 159, 210, 
17, 140, 142, 244, 98, 84, 178, 174, 34, 149, 126, 206, 13, 140, 15, 89, 0, 44, 118, 215, 63, 89, 223, 241, 54, 167, 88, 159, 
28, 26, 141, 127, 62, 201, 40, 253, 54, 85, 99, 32, 170, 98, 157, 167, 181, 41, 45, 220, 97, 152, 249, 30, 205, 92, 127, 56,  
160, 185, 1, 110, 0, 32, 201, 28, 220, 222, 15, 116, 83, 93, 73, 37, 69, 165, 237, 226, 107, 140, 191, 237, 158, 37, 54, 241, 
57, 13, 129, 160, 158, 78, 74, 142, 162, 59, 120, 225, 182, 225, 0, 4, 58, 55, 192, 13, 0, 204, 132, 143, 93, 58, 17, 225,    
148, 43, 151, 129, 134, 20, 131, 160, 143, 5, 122, 106, 216, 204, 73, 221, 214, 181, 56, 227, 68, 64, 204, 247, 228, 6, 26,   
119, 98, 22, 184, 236, 19, 50, 0, 216, 28, 46, 7, 163, 159, 7, 17, 130, 244, 242, 195, 191, 215, 56, 86, 254, 13, 57, 7, 152, 
146, 28, 234, 165, 50, 8, 25, 180, 254, 123, 36, 47, 11, 152, 249, 30, 37, 169, 203, 13, 60, 107, 122, 0, 154, 56, 223, 39,   
91, 171, 10, 168, 213, 60, 29, 174, 57, 148, 108, 225, 80, 111, 117, 0, 9, 32, 42, 2, 208, 153, 214, 119, 147, 46, 99, 208,   
142, 147, 87, 2, 14, 0, 201, 13, 180, 11, 64, 110, 32, 232, 0, 16, 115, 89, 69, 158, 8, 36, 94, 223, 28, 194, 194, 42, 96, 8, 
30, 94, 172, 113, 31, 255, 219, 219, 42, 62, 252, 83, 228, 141, 129, 214, 127, 242, 210, 93, 1, 55, 223, 163, 21, 153, 249,   
106, 114, 31, 109, 77, 11, 0, 121, 172, 179, 74, 193, 146, 175, 7, 149, 149, 195, 218, 41, 199, 204, 75, 106, 75, 191, 227,   
107, 167, 176, 118, 246, 28, 186, 116, 55, 104, 0, 16, 13, 252, 72, 85, 110, 160, 138, 233, 0, 32, 3, 58, 50, 176, 99, 180,   
191, 222, 192, 73, 16, 43, 43, 225, 180, 108, 207, 55, 65, 53, 159, 104, 175, 193, 185, 129, 160, 1, 160, 162, 6, 240, 13,    
155, 32, 215, 50, 112, 95, 95, 38, 173, 255, 62, 41, 43, 131, 110, 190, 198, 220, 192, 159, 76, 3, 0, 73, 230, 176, 14, 132,  
192, 35, 248, 193, 6, 222, 253, 9, 180, 190, 163, 186, 38, 163, 157, 223, 92, 229, 6, 0, 162, 78, 163, 22, 176, 32, 200, 212, 
147, 27, 8, 56, 0, 238, 65, 155, 32, 238, 102, 180, 123, 128, 164, 133, 13, 50, 255, 105, 165, 76, 139, 215, 254, 39, 172,    
200, 228, 202, 124, 162, 205, 185, 151, 13, 201, 13, 4, 28, 0, 242, 110, 206, 124, 156, 117, 148, 172, 6, 222, 253, 179, 105, 
253, 119, 24, 60, 19, 29, 42, 184, 203, 29, 0, 238, 220, 192, 194, 29, 126, 207, 13, 4, 20, 0, 155, 93, 126, 214, 234, 112,   
255, 145, 148, 19, 60, 140, 91, 8, 169, 84, 241, 42, 246, 254, 198, 33, 162, 79, 246, 159, 225, 210, 252, 146, 220, 192, 128, 
105, 126, 205, 13, 4, 20, 0, 86, 234, 214, 42, 184, 242, 253, 185, 172, 235, 161, 15, 26, 142, 149, 69, 235, 127, 224, 164,   
53, 220, 154, 95, 146, 27, 216, 155, 231, 215, 220, 64, 192, 0, 176, 198, 37, 182, 103, 158, 223, 19, 159, 212, 198, 192, 187,191, 159, 154, 130, 14, 188, 3, 224, 206, 13, 96, 80, 253, 149, 27, 8, 8, 0, 182, 238, 195, 159, 196, 119, 247, 57, 250, 100, 
143, 184, 196, 64, 243, 107, 40, 223, 143, 222, 11, 58, 172, 254, 210, 20, 230, 123, 114, 3, 45, 186, 143, 103, 65, 48, 142,  
31, 0, 4, 113, 50, 171, 110, 222, 31, 237, 163, 159, 49, 16, 128, 69, 90, 10, 58, 152, 65, 236, 147, 80, 213, 229, 6, 12, 7,  
192, 38, 36, 70, 50, 43, 105, 217, 93, 221, 12, 52, 191, 165, 158, 130, 14, 102, 144, 211, 15, 185, 1, 67, 1, 112, 58, 157,   
164, 160, 66, 54, 227, 209, 191, 205, 224, 130, 14, 199, 244, 22, 116, 224, 93, 233, 57, 170, 114, 3, 189, 131, 6, 128, 213,  
225, 122, 143, 117, 122, 151, 145, 231, 246, 225, 246, 135, 248, 82, 208, 193, 12, 146, 124, 204, 13, 24, 6, 0, 217, 170, 197,218, 87, 135, 223, 187, 71, 24, 104, 62, 57, 127, 248, 186, 175, 5, 29, 120, 23, 201, 13, 180, 237, 207, 204, 13, 44, 11, 56, 
0, 86, 135, 180, 153, 97, 254, 81, 178, 241, 211, 64, 0, 86, 80, 11, 58, 12, 87, 87, 208, 193, 12, 90, 238, 67, 110, 192, 16, 
0, 108, 118, 169, 11, 227, 247, 238, 91, 28, 174, 166, 6, 154, 255, 26, 171, 160, 3, 57, 85, 60, 20, 204, 247, 104, 0, 59, 55,144, 95, 94, 110, 64, 13, 0, 180, 199, 120, 236, 35, 13, 190, 62, 234, 215, 248, 223, 11, 253, 185, 100, 91, 71, 65, 135, 83, 
180, 254, 135, 205, 220, 24, 82, 230, 19, 145, 36, 150, 158, 220, 0, 241, 144, 114, 253, 77, 114, 65, 30, 229, 2, 185, 156,   
119, 254, 5, 140, 92, 255, 121, 146, 24, 50, 16, 128, 81, 70, 20, 116, 48, 69, 110, 0, 143, 105, 180, 230, 6, 136, 135, 148,  
235, 243, 194, 24, 83, 183, 27, 202, 46, 208, 148, 90, 49, 79, 251, 118, 136, 29, 12, 52, 191, 54, 121, 179, 48, 170, 160,    
131, 41, 114, 3, 239, 207, 215, 148, 27, 32, 30, 82, 174, 221, 197, 170, 142, 117, 169, 76, 49, 7, 187, 248, 53, 227, 238, 95,101, 112, 181, 139, 79, 105, 253, 147, 69, 21, 161, 108, 190, 59, 55, 112, 172, 64, 83, 110, 128, 177, 40, 54, 205, 115, 22,  
14, 173, 177, 72, 165, 161, 100, 198, 157, 127, 85, 203, 78, 29, 29, 230, 183, 103, 21, 116, 216, 228, 135, 130, 14, 166, 200,13, 44, 216, 174, 42, 55, 64, 188, 99, 92, 215, 147, 4, 182, 38, 99, 55, 110, 110, 132, 115, 116, 67, 214, 206, 26, 155, 32,  
245, 54, 208, 252, 42, 172, 122, 2, 163, 230, 110, 121, 44, 204, 247, 228, 6, 254, 214, 127, 42, 179, 22, 33, 241, 142, 177,  
3, 187, 166, 39, 192, 153, 140, 198, 46, 48, 254, 127, 183, 145, 103, 248, 50, 6, 50, 168, 85, 175, 73, 232, 43, 63, 22, 116, 
48, 131, 200, 138, 102, 31, 78, 50, 113, 143, 21, 220, 75, 248, 212, 44, 162, 84, 179, 163, 215, 64, 243, 235, 176, 10, 58,   
204, 219, 154, 243, 88, 153, 239, 81, 255, 137, 171, 125, 1, 32, 161, 52, 0, 100, 53, 77, 142, 206, 134, 36, 131, 7, 126, 155,131, 85, 208, 193, 12, 185, 129, 230, 236, 220, 64, 121, 34, 94, 135, 151, 0, 160, 4, 58, 70, 115, 67, 229, 236, 232, 245,    
179, 249, 118, 90, 255, 100, 52, 108, 100, 65, 7, 51, 104, 250, 167, 89, 122, 0, 136, 41, 89, 197, 253, 80, 192, 87, 105, 108,104, 190, 2, 78, 13, 3, 204, 127, 18, 235, 223, 193, 46, 232, 192, 243, 221, 191, 116, 231, 73, 119, 5, 178, 22, 218, 158, 2, 
101, 94, 213, 203, 171, 162, 145, 173, 243, 171, 224, 154, 159, 117, 135, 62, 217, 36, 161, 102, 221, 198, 134, 158, 186, 142,125, 224, 81, 84, 215, 177, 197, 81, 93, 147, 139, 163, 222, 116, 235, 62, 81, 211, 159, 117, 79, 167, 71, 196, 219, 170, 94, 
1, 40, 85, 62, 245, 178, 143, 35, 76, 16, 127, 34, 158, 62, 178, 21, 143, 54, 242, 62, 1, 65, 11, 25, 145, 153, 194, 58, 229, 
238, 228, 162, 124, 7, 87, 199, 218, 2, 193, 51, 189, 190, 36, 94, 122, 221, 202, 167, 98, 179, 197, 0, 230, 244, 47, 136, 71,125, 167, 120, 71, 221, 131, 169, 118, 68, 94, 77, 201, 198, 21, 65, 96, 185, 87, 145, 226, 85, 53, 85, 155, 121, 117, 44,    
198, 32, 69, 158, 83, 177, 206, 177, 42, 122, 130, 2, 162, 98, 197, 139, 84, 197, 155, 74, 154, 118, 115, 251, 248, 174, 94,  
17, 235, 69, 172, 40, 165, 252, 122, 12, 40, 32, 138, 86, 98, 78, 98, 239, 211, 186, 203, 199, 246, 104, 120, 16, 0, 0, 2, 0, 
64, 255, 3, 206, 88, 197, 4, 83, 24, 229, 143, 0, 0, 0, 0, 73, 69, 78, 68, 174, 66, 96, 130]



















































